Sample	aligned_reads	ambig_reads	discarded_reads	meth_chg	meth_chh	meth_cpg	no_alignments	percent_aligned	percent_chg_meth	percent_chh_meth	percent_cpg_meth	strand_ctob	strand_ctot	strand_ob	strand_ot	total_c	total_reads	unmeth_chg	unmeth_chh	unmeth_cpg	version
CF01-CM01-Zygote_R1_001	4178647.0	1580517.0	11.0	327894.0	2317715.0	2193353.0	26152005.0	13.094622136844942	1.8	3.3	17.6	956956.0	959612.0	1129784.0	1132284.0	102083282.0	31911169.0	17962425.0	68996381.0	10285514.0	0.24.2
CF01-CM02-Larvae_R1_001	46656964.0	18990796.0	67.0	6275390.0	27139249.0	42901638.0	67755480.0	34.974385929457185	1.9	2.8	18.4	11985108.0	11977584.0	11358657.0	11335548.0	1511988505.0	133403240.0	320201916.0	925233562.0	190236750.0	0.24.2
CF02-CM02-Zygote_R1_001	27528519.0	10748575.0	43.0	4402157.0	28851821.0	13245595.0	167768755.0	13.360385144182157	4.5	7.2	20.6	5415702.0	5401679.0	8379897.0	8331198.0	560662988.0	206045849.0	92569772.0	370604905.0	50988738.0	0.24.2
CF03-CM03-Zygote_R1_001	27186840.0	9550724.0	25.0	3679188.0	20815637.0	19546287.0	94204140.0	20.762552471441794	2.6	4.3	21.0	5967990.0	5965132.0	7638042.0	7615651.0	719180692.0	130941704.0	135337718.0	466142082.0	73659780.0	0.24.2
CF03-CM04-Larvae_R1_001	55395556.0	21804410.0	16.0	5615376.0	21890661.0	53076871.0	42615240.0	46.23416163053628	1.4	1.8	18.8	14477284.0	14461985.0	13246877.0	13209394.0	1936433021.0	119815206.0	399544091.0	1226654577.0	229651445.0	0.24.2
CF03-CM05-Larvae_R1_001	38649120.0	14268287.0	22.0	8918491.0	34443586.0	40770369.0	61042702.0	33.914604276133154	3.0	3.9	19.5	9874019.0	9834936.0	9484760.0	9455383.0	1381575064.0	113960109.0	287346490.0	842216939.0	167879189.0	0.24.2
CF04-CM04-Zygote_R1_001	32455075.0	11825240.0	48.0	4447062.0	22788539.0	23451885.0	84283873.0	25.2442577555112	2.5	3.7	19.5	6872161.0	6898748.0	9328286.0	9355832.0	907400279.0	128564188.0	173901230.0	585716485.0	97095078.0	0.24.2
CF05-CM02-Larvae_R1_001	58467371.0	22866196.0	80.0	5944838.0	26343925.0	54516586.0	82461079.0	35.69553244127406	1.4	2.0	17.8	15500083.0	15465903.0	13774689.0	13726616.0	2029588803.0	163794646.0	425751111.0	1264984954.0	252047389.0	0.24.2
CF05-CM05-Zygote_R1_001	36583387.0	13499539.0	61.0	6756694.0	30772536.0	32667568.0	95070804.0	25.203201460961424	3.0	4.4	21.4	8463149.0	8526579.0	9768182.0	9825416.0	1081070399.0	145153730.0	217079905.0	673521184.0	120272512.0	0.24.2
CF06-CM01-Zygote_R1_001	34432873.0	12808559.0	61.0	5439794.0	30226209.0	24033772.0	100094844.0	23.370261509799526	3.4	5.2	21.8	7762367.0	7716771.0	9506132.0	9447542.0	849179523.0	147336276.0	156866136.0	546250986.0	86362626.0	0.24.2
CF06-CM02-Larvae_R1_001	24643857.0	8567608.0	6.0	7897594.0	36709611.0	25286162.0	79071980.0	21.947898908872986	5.2	7.4	24.5	6025507.0	5989298.0	6336327.0	6292719.0	750816762.0	112283445.0	144923341.0	457982611.0	78017443.0	0.24.2
CF07-CM02-Zygote_R1_001	23297327.0	9274203.0	60.0	2139131.0	15947690.0	14520755.0	178096590.0	11.058781461570929	1.8	3.9	18.6	5116623.0	5235388.0	6421842.0	6523414.0	608139772.0	210668120.0	115432250.0	396667461.0	63432485.0	0.24.2
CF08-CM03-Zygote_R1_001	26677733.0	10302333.0	43.0	3198330.0	22629985.0	13259270.0	108533912.0	18.333450412578234	3.2	5.5	19.7	5426981.0	5421793.0	7927594.0	7901322.0	579993227.0	145513978.0	97929997.0	388918620.0	54057025.0	0.24.2
CF08-CM04-Larvae_R1_001	538216.0	205291.0	0.0	65222.0	1209849.0	381211.0	52124700.0	1.0180333900864087	2.2	9.9	18.5	123651.0	125747.0	143686.0	145132.0	17277139.0	52868207.0	2956132.0	10983323.0	1681402.0	0.24.2
CF08-CM05-Larvae_R1_001	1707439.0	521487.0	0.0	159310.0	1103169.0	1332564.0	74071777.0	2.2377762364784504	1.3	2.4	15.9	416403.0	417659.0	435649.0	437728.0	66514766.0	76300703.0	12105897.0	44745201.0	7068625.0	0.24.2
EF01-EM01-Zygote_R1_001	27689958.0	9425391.0	49.0	7405797.0	34911922.0	25980293.0	85438707.0	22.594077180113892	4.6	6.5	24.3	6720160.0	6741822.0	7112712.0	7115215.0	804723589.0	122554056.0	153328655.0	502119089.0	80977833.0	0.24.2
EF02-EM02-Zygote_R1_001	32256397.0	14724617.0	49.0	3063299.0	15176232.0	20476573.0	95841532.0	22.584947477410182	1.6	2.6	15.6	6977351.0	7050972.0	9074586.0	9153439.0	896414654.0	142822546.0	183025506.0	563832217.0	110840827.0	0.24.2
EF03-EM03-Zygote_R1_001	21524633.0	8257027.0	21.0	3461459.0	19406022.0	12916237.0	103555667.0	16.142991227055273	3.8	5.7	21.4	4703312.0	4687480.0	6084266.0	6049554.0	492559811.0	133337327.0	87279346.0	322148783.0	47347964.0	0.24.2
EF03-EM04-Larvae_R1_001	40734271.0	15240740.0	42.0	13551188.0	51766080.0	41550585.0	76386668.0	30.77497301919236	5.0	6.1	22.3	9184357.0	9162108.0	11210837.0	11176927.0	1311976237.0	132361679.0	260154762.0	799854040.0	145099582.0	0.24.2
EF03-EM05-Larvae_R1_001	38974361.0	13539615.0	23.0	8928820.0	36372541.0	38286861.0	83976855.0	28.554563492986574	3.3	4.3	20.2	9820751.0	9775906.0	9705559.0	9672122.0	1310026631.0	136490831.0	263491077.0	811451203.0	151496129.0	0.24.2
EF04-EM04-Zygote_R1_001	13101846.0	5797005.0	39.0	2039614.0	9515860.0	6445114.0	137152854.0	8.395836495346206	3.9	5.1	17.3	3327067.0	3293198.0	3254443.0	3227099.0	277701930.0	156051705.0	50171833.0	178652583.0	30876926.0	0.24.2
EF04-EM05-Larvae_R1_001	50823168.0	18715972.0	46.0	5376496.0	22414199.0	48867547.0	70676931.0	36.246321578929425	1.4	1.9	17.5	13433026.0	13412856.0	12000811.0	11976429.0	1873200176.0	140216071.0	387785042.0	1178891024.0	229865868.0	0.24.2
EF05-EM01-Larvae_R1_001	30782864.0	11717416.0	18.0	3952877.0	17551183.0	31484695.0	63471486.0	29.048174963886137	1.7	2.5	18.9	7908834.0	7884382.0	7507181.0	7482449.0	1101855990.0	105971766.0	231126968.0	682203554.0	135536713.0	0.24.2
EF05-EM05-Zygote_R1_001	8067338.0	3998950.0	18.0	530895.0	3476697.0	2608059.0	108330741.0	6.700612188694458	1.9	3.4	13.3	1927805.0	1925046.0	2110203.0	2104266.0	150672769.0	120397029.0	27012857.0	99995601.0	17048660.0	0.24.2
EF05-EM06-Larvae_R1_001	69096435.0	21241161.0	35.0	24300011.0	100612703.0	75491086.0	106977420.0	35.01833585741898	4.5	5.4	19.8	18070671.0	18062442.0	16499768.0	16463519.0	2770765034.0	197315016.0	515819901.0	1747914678.0	306626655.0	0.24.2
EF06-EM01-Larvae_R1_001	48406028.0	17458004.0	62.0	5507638.0	23445097.0	44924935.0	75611669.0	34.21508263104489	1.5	2.0	17.5	12813486.0	12783896.0	11412108.0	11396476.0	1770659649.0	141475701.0	356795895.0	1127485372.0	212500712.0	0.24.2
EF06-EM02-Larvae_R1_001	40538208.0	14702890.0	31.0	7322218.0	28049586.0	42281511.0	60061891.0	35.15798536671066	2.5	3.2	20.3	10386605.0	10358077.0	9904590.0	9888905.0	1377046370.0	115302989.0	290287822.0	843274068.0	165831165.0	0.24.2
EF06-EM06-Larvae_R1_001	40050266.0	13754048.0	126.0	8390454.0	41085034.0	29251578.0	106712714.0	24.950789644572787	4.1	5.7	21.5	10073982.0	10096952.0	9935116.0	9944090.0	1064107088.0	160517028.0	195683556.0	682995990.0	106700476.0	0.24.2
EF07-EM01-Zygote_R1_001	23579759.0	10012906.0	53.0	1510834.0	11438727.0	10902218.0	202949461.0	9.968524168925413	1.5	3.1	16.0	4827905.0	4852195.0	6929516.0	6970090.0	538311693.0	236542126.0	98086035.0	359024427.0	57349452.0	0.24.2
EF07-EM03-Larvae_R1_001	42132656.0	15780713.0	44.0	4763094.0	20707519.0	38937577.0	70148503.0	32.90023434922145	1.6	2.2	18.3	11003713.0	10973939.0	10087530.0	10067430.0	1472676037.0	128061872.0	302035165.0	932959461.0	173273221.0	0.24.2
EF08-EM03-Larvae_R1_001	60954643.0	25161070.0	50.0	5677195.0	23737497.0	58839000.0	74647990.0	37.915674908284494	1.3	1.9	19.4	16220168.0	16154480.0	14318411.0	14261534.0	1999920373.0	160763703.0	424448084.0	1242025647.0	245192950.0	0.24.2
EF08-EM04-Larvae_R1_001	40901180.0	16907598.0	30.0	6487800.0	26881417.0	38458590.0	59649021.0	34.822021481945185	2.4	3.4	20.1	10438849.0	10386358.0	10055685.0	10020258.0	1252936964.0	117457799.0	266585939.0	761808189.0	152715029.0	0.24.2
