CpG context (R1)
================
position	count methylated	count unmethylated	% methylation	coverage
1	86667	365216	19.18	451883
2	89980	370846	19.53	460826
3	85728	373867	18.65	459595
4	84283	358549	19.03	442832
5	86740	366784	19.13	453524
6	89136	369424	19.44	458560
7	89200	368772	19.48	457972
8	88692	370575	19.31	459267
9	89758	377810	19.20	467568
10	91454	376599	19.54	468053
11	90646	369616	19.69	460262
12	90548	375104	19.45	465652
13	89451	372405	19.37	461856
14	90241	371138	19.56	461379
15	90076	374594	19.38	464670
16	90524	374417	19.47	464941
17	90241	371203	19.56	461444
18	89987	373086	19.43	463073
19	90596	370899	19.63	461495
20	90464	372009	19.56	462473
21	90901	376112	19.46	467013
22	89619	371630	19.43	461249
23	90304	371304	19.56	461608
24	88587	373184	19.18	461771
25	88714	367387	19.45	456101
26	89718	366401	19.67	456119
27	88490	367675	19.40	456165
28	89328	364504	19.68	453832
29	90674	366617	19.83	457291
30	88628	366295	19.48	454923
31	87823	360898	19.57	448721
32	87563	358402	19.63	445965
33	87778	361360	19.54	449138
34	86851	356222	19.60	443073
35	87265	354934	19.73	442199
36	85479	354887	19.41	440366
37	83867	349698	19.34	433565
38	84298	347549	19.52	431847
39	83309	346585	19.38	429894
40	82795	342814	19.45	425609
41	83311	341805	19.60	425116
42	83197	342421	19.55	425618
43	81154	339368	19.30	420522
44	80569	336402	19.32	416971
45	79260	334846	19.14	414106
46	78856	328835	19.34	407691
47	78087	325967	19.33	404054
48	76850	324240	19.16	401090
49	76718	322259	19.23	398977
50	76484	318474	19.37	394958
51	75953	319514	19.21	395467
52	75970	315823	19.39	391793
53	73787	310145	19.22	383932
54	72710	308039	19.10	380749
55	71384	302268	19.10	373652
56	71438	298297	19.32	369735
57	69985	296091	19.12	366076
58	68520	290398	19.09	358918
59	67833	286731	19.13	354564
60	66971	285321	19.01	352292
61	66280	281299	19.07	347579
62	65415	274776	19.23	340191
63	63965	272819	18.99	336784
64	63455	268837	19.10	332292
65	62740	265865	19.09	328605
66	61330	262369	18.95	323699
67	60733	257882	19.06	318615
68	60127	254607	19.10	314734
69	58904	252465	18.92	311369
70	58103	246775	19.06	304878
71	56804	242614	18.97	299418
72	55699	240535	18.80	296234
73	55722	237051	19.03	292773
74	53771	234872	18.63	288643
75	53758	231614	18.84	285372
76	52553	226150	18.86	278703
77	51487	220825	18.91	272312
78	50506	219660	18.69	270166
79	48776	212756	18.65	261532
80	48241	208724	18.77	256965
81	47472	206847	18.67	254319
82	46134	203148	18.51	249282
83	45518	198897	18.62	244415
84	44772	196864	18.53	241636
85	43675	192614	18.48	236289
86	42910	189840	18.44	232750
87	41927	185720	18.42	227647
88	41543	182661	18.53	224204
89	40774	178645	18.58	219419
90	40106	176415	18.52	216521
91	38987	172775	18.41	211762
92	37865	169064	18.30	206929
93	37249	167746	18.17	204995
94	36907	163057	18.46	199964
95	36330	160541	18.45	196871
96	35476	158606	18.28	194082
97	34703	153753	18.41	188456
98	34228	152899	18.29	187127
99	33992	149395	18.54	183387
100	33067	146645	18.40	179712
101	32031	144322	18.16	176353
102	31295	141090	18.15	172385
103	30708	138758	18.12	169466
104	30345	135656	18.28	166001
105	29501	134028	18.04	163529
106	28890	130238	18.16	159128
107	28415	129064	18.04	157479
108	27965	125766	18.19	153731
109	27616	122688	18.37	150304
110	27364	121782	18.35	149146
111	26423	118389	18.25	144812
112	25411	115671	18.01	141082
113	24752	114036	17.83	138788
114	24345	110794	18.01	135139
115	23626	109354	17.77	132980
116	23450	107363	17.93	130813
117	22934	105117	17.91	128051
118	22223	102871	17.77	125094
119	22120	100378	18.06	122498
120	21632	99476	17.86	121108
121	21374	97142	18.03	118516
122	20922	95601	17.96	116523
123	20208	93227	17.81	113435
124	19931	92383	17.75	112314
125	19496	89502	17.89	108998
126	18693	86694	17.74	105387
127	18271	83860	17.89	102131
128	18269	83600	17.93	101869
129	17624	82316	17.63	99940
130	17356	80140	17.80	97496
131	17169	80916	17.50	98085
132	17233	79091	17.89	96324
133	16403	77647	17.44	94050
134	15822	75198	17.38	91020
135	15457	72243	17.62	87700

CHG context (R1)
================
position	count methylated	count unmethylated	% methylation	coverage
1	19919	649546	2.98	669465
2	18586	670594	2.70	689180
3	16229	671930	2.36	688159
4	15437	652855	2.31	668292
5	15239	654306	2.28	669545
6	15166	659521	2.25	674687
7	15052	662052	2.22	677104
8	15021	661243	2.22	676264
9	14819	657610	2.20	672429
10	14977	666760	2.20	681737
11	14365	655070	2.15	669435
12	14601	656991	2.17	671592
13	14459	661773	2.14	676232
14	14715	663593	2.17	678308
15	14481	662156	2.14	676637
16	14460	660979	2.14	675439
17	14018	654883	2.10	668901
18	14402	668763	2.11	683165
19	14223	661723	2.10	675946
20	13946	660779	2.07	674725
21	14103	659263	2.09	673366
22	14421	671847	2.10	686268
23	14008	658348	2.08	672356
24	14460	665074	2.13	679534
25	14215	658156	2.11	672371
26	14449	662025	2.14	676474
27	13872	657769	2.07	671641
28	14364	659793	2.13	674157
29	14256	649953	2.15	664209
30	14388	656889	2.14	671277
31	14243	647305	2.15	661548
32	14145	640025	2.16	654170
33	14083	637653	2.16	651736
34	14227	644846	2.16	659073
35	14153	635563	2.18	649716
36	14325	635581	2.20	649906
37	14365	632418	2.22	646783
38	14417	632409	2.23	646826
39	13870	620835	2.19	634705
40	14289	622480	2.24	636769
41	13964	616210	2.22	630174
42	14293	617178	2.26	631471
43	14015	606829	2.26	620844
44	14295	602483	2.32	616778
45	14251	598360	2.33	612611
46	14616	601565	2.37	616181
47	14162	588301	2.35	602463
48	14207	586312	2.37	600519
49	14095	580230	2.37	594325
50	14254	577672	2.41	591926
51	14024	572217	2.39	586241
52	14237	570902	2.43	585139
53	13733	559460	2.40	573193
54	13920	556711	2.44	570631
55	13513	549642	2.40	563155
56	13612	539854	2.46	553466
57	13606	531876	2.49	545482
58	13487	529647	2.48	543134
59	13258	519479	2.49	532737
60	13293	516051	2.51	529344
61	12749	508292	2.45	521041
62	13107	499932	2.55	513039
63	12680	493059	2.51	505739
64	12565	486860	2.52	499425
65	12303	476409	2.52	488712
66	12471	473069	2.57	485540
67	12179	464673	2.55	476852
68	12171	455646	2.60	467817
69	11969	448752	2.60	460721
70	11722	445995	2.56	457717
71	11655	437352	2.60	449007
72	11357	431691	2.56	443048
73	11337	423998	2.60	435335
74	11326	418950	2.63	430276
75	11100	411834	2.62	422934
76	10891	404707	2.62	415598
77	10933	397834	2.67	408767
78	10655	393981	2.63	404636
79	10499	391292	2.61	401791
80	10354	375006	2.69	385360
81	10049	368231	2.66	378280
82	9788	363205	2.62	372993
83	9463	354014	2.60	363477
84	9646	349443	2.69	359089
85	9450	344965	2.67	354415
86	9367	339427	2.69	348794
87	9539	338091	2.74	347630
88	9070	324764	2.72	333834
89	8899	314866	2.75	323765
90	8786	310030	2.76	318816
91	8537	304690	2.73	313227
92	8452	299062	2.75	307514
93	8274	293585	2.74	301859
94	8258	288984	2.78	297242
95	8002	282247	2.76	290249
96	7969	278179	2.78	286148
97	7865	273100	2.80	280965
98	7751	267601	2.81	275352
99	7447	262832	2.76	270279
100	7335	257379	2.77	264714
101	7196	252004	2.78	259200
102	7092	248017	2.78	255109
103	6968	241358	2.81	248326
104	7020	237019	2.88	244039
105	6921	232587	2.89	239508
106	6724	228197	2.86	234921
107	6503	224048	2.82	230551
108	6478	219922	2.86	226400
109	6303	215417	2.84	221720
110	6221	210361	2.87	216582
111	5925	205409	2.80	211334
112	5998	203928	2.86	209926
113	5840	200044	2.84	205884
114	5814	196257	2.88	202071
115	5711	191268	2.90	196979
116	5562	186888	2.89	192450
117	5461	182885	2.90	188346
118	5527	180777	2.97	186304
119	5197	175993	2.87	181190
120	5312	172689	2.98	178001
121	5268	169713	3.01	174981
122	5042	167046	2.93	172088
123	5001	162833	2.98	167834
124	4825	158711	2.95	163536
125	4677	154409	2.94	159086
126	4655	150993	2.99	155648
127	4729	145858	3.14	150587
128	4500	142295	3.07	146795
129	4454	141363	3.05	145817
130	4406	140420	3.04	144826
131	4393	136650	3.11	141043
132	4190	135392	3.00	139582
133	4587	132030	3.36	136617
134	4601	128163	3.47	132764
135	4644	125566	3.57	130210

CHH context (R1)
================
position	count methylated	count unmethylated	% methylation	coverage
1	123206	2234174	5.23	2357380
2	124472	2214273	5.32	2338745
3	111822	2216542	4.80	2328364
4	119019	2203026	5.13	2322045
5	110682	2212466	4.76	2323148
6	114243	2153797	5.04	2268040
7	106608	2163216	4.70	2269824
8	114318	2164950	5.02	2279268
9	104970	2156832	4.64	2261802
10	112944	2174372	4.94	2287316
11	106066	2177916	4.64	2283982
12	111331	2176761	4.87	2288092
13	105025	2212127	4.53	2317152
14	110454	2206822	4.77	2317276
15	103665	2214736	4.47	2318401
16	109576	2211947	4.72	2321523
17	102552	2200387	4.45	2302939
18	105381	2204730	4.56	2310111
19	98792	2209538	4.28	2308330
20	104232	2204559	4.51	2308791
21	96028	2210961	4.16	2306989
22	101161	2220908	4.36	2322069
23	95278	2219815	4.12	2315093
24	99163	2208625	4.30	2307788
25	93327	2210043	4.05	2303370
26	97202	2238422	4.16	2335624
27	90598	2219342	3.92	2309940
28	96078	2219561	4.15	2315639
29	90592	2224916	3.91	2315508
30	93501	2225378	4.03	2318879
31	89102	2222822	3.85	2311924
32	92365	2219892	3.99	2312257
33	87019	2206094	3.79	2293113
34	89501	2204108	3.90	2293609
35	85969	2207958	3.75	2293927
36	88436	2194893	3.87	2283329
37	83435	2181478	3.68	2264913
38	85365	2170774	3.78	2256139
39	82110	2152855	3.67	2234965
40	83057	2134537	3.75	2217594
41	80430	2135099	3.63	2215529
42	81056	2115838	3.69	2196894
43	79052	2116434	3.60	2195486
44	80768	2100804	3.70	2181572
45	75446	2060306	3.53	2135752
46	75989	2044080	3.58	2120069
47	74275	2048082	3.50	2122357
48	74925	1998562	3.61	2073487
49	72307	1980102	3.52	2052409
50	72309	1962095	3.55	2034404
51	69836	1951373	3.46	2021209
52	70978	1945788	3.52	2016766
53	67636	1909929	3.42	1977565
54	67709	1909962	3.42	1977671
55	66094	1878422	3.40	1944516
56	66052	1848049	3.45	1914101
57	62849	1824413	3.33	1887262
58	63218	1815257	3.37	1878475
59	61838	1802256	3.32	1864094
60	60996	1761094	3.35	1822090
61	58747	1734422	3.28	1793169
62	58669	1719602	3.30	1778271
63	57528	1716026	3.24	1773554
64	57259	1684986	3.29	1742245
65	54802	1648565	3.22	1703367
66	54012	1626970	3.21	1680982
67	53414	1612660	3.21	1666074
68	52869	1571842	3.25	1624711
69	50972	1546420	3.19	1597392
70	50672	1519951	3.23	1570623
71	49213	1503682	3.17	1552895
72	49220	1479069	3.22	1528289
73	48168	1468331	3.18	1516499
74	47649	1443709	3.20	1491358
75	46463	1408635	3.19	1455098
76	45921	1387643	3.20	1433564
77	44658	1367747	3.16	1412405
78	43868	1342047	3.17	1385915
79	43274	1324154	3.16	1367428
80	42884	1305531	3.18	1348415
81	41819	1290173	3.14	1331992
82	41029	1268652	3.13	1309681
83	40389	1237922	3.16	1278311
84	40068	1212641	3.20	1252709
85	39362	1192098	3.20	1231460
86	38907	1174145	3.21	1213052
87	37769	1159235	3.16	1197004
88	37942	1144500	3.21	1182442
89	36854	1117869	3.19	1154723
90	36183	1103627	3.17	1139810
91	35563	1074251	3.20	1109814
92	35118	1054850	3.22	1089968
93	34549	1040026	3.22	1074575
94	33967	1015349	3.24	1049316
95	33031	1000965	3.19	1033996
96	33385	990857	3.26	1024242
97	31856	964650	3.20	996506
98	31455	944481	3.22	975936
99	31475	926051	3.29	957526
100	30813	909403	3.28	940216
101	29744	891190	3.23	920934
102	29412	872467	3.26	901879
103	28623	856688	3.23	885311
104	28656	842774	3.29	871430
105	27781	824104	3.26	851885
106	27124	808895	3.24	836019
107	26820	792887	3.27	819707
108	26300	774228	3.29	800528
109	25881	760955	3.29	786836
110	25783	745827	3.34	771610
111	24854	731749	3.28	756603
112	24619	717485	3.32	742104
113	23971	702729	3.30	726700
114	23665	689866	3.32	713531
115	23222	676045	3.32	699267
116	22782	666361	3.31	689143
117	22499	649956	3.35	672455
118	22175	636940	3.36	659115
119	21674	625844	3.35	647518
120	21498	614369	3.38	635867
121	20973	601231	3.37	622204
122	20771	588727	3.41	609498
123	20129	574665	3.38	594794
124	20174	560973	3.47	581147
125	19567	540952	3.49	560519
126	19290	522693	3.56	541983
127	18810	501926	3.61	520736
128	18597	489655	3.66	508252
129	18206	481970	3.64	500176
130	18118	474506	3.68	492624
131	17957	466707	3.71	484664
132	17998	460483	3.76	478481
133	18447	453787	3.91	472234
134	19307	446884	4.14	466191
135	18985	439711	4.14	458696

CpG context (R2)
================
position	count methylated	count unmethylated	% methylation	coverage
1	11672	55878	17.28	67550
2	12445	56974	17.93	69419
3	10938	53468	16.98	64406
4	10336	49904	17.16	60240
5	10256	48621	17.42	58877
6	10458	48621	17.70	59079
7	10135	46382	17.93	56517
8	9676	44975	17.71	54651
9	9573	45292	17.45	54865
10	10010	45068	18.17	55078
11	9433	42645	18.11	52078
12	9174	42667	17.70	51841
13	9010	41493	17.84	50503
14	8651	40620	17.56	49271
15	8573	40122	17.61	48695
16	8403	39072	17.70	47475
17	8141	37766	17.73	45907
18	7873	37393	17.39	45266
19	7687	35982	17.60	43669
20	7914	35919	18.05	43833
21	7466	35598	17.34	43064
22	7147	34060	17.34	41207
23	7058	33345	17.47	40403
24	6978	32527	17.66	39505
25	6716	31716	17.48	38432
26	6857	30073	18.57	36930
27	6621	30372	17.90	36993
28	6463	30088	17.68	36551
29	6590	28979	18.53	35569
30	6140	28915	17.52	35055
31	6140	27841	18.07	33981
32	5893	26993	17.92	32886
33	5726	26678	17.67	32404
34	5689	25809	18.06	31498
35	5646	25386	18.19	31032
36	5349	24823	17.73	30172
37	5191	23914	17.84	29105
38	5060	23533	17.70	28593
39	4949	23038	17.68	27987
40	4790	22174	17.76	26964
41	4714	21602	17.91	26316
42	4860	21562	18.39	26422
43	4505	21159	17.55	25664
44	4557	20390	18.27	24947
45	4283	20232	17.47	24515
46	4177	19266	17.82	23443
47	4112	18925	17.85	23037
48	3887	18579	17.30	22466
49	3854	17977	17.65	21831
50	3940	17577	18.31	21517
51	3728	17572	17.50	21300
52	3814	17061	18.27	20875
53	3540	16466	17.69	20006
54	3354	16130	17.21	19484
55	3502	15621	18.31	19123
56	3324	15168	17.98	18492
57	3284	15218	17.75	18502
58	3209	14842	17.78	18051
59	3223	13974	18.74	17197
60	3128	14125	18.13	17253
61	2999	13542	18.13	16541
62	2926	13476	17.84	16402
63	2825	12767	18.12	15592
64	2645	12538	17.42	15183
65	2720	12396	17.99	15116
66	2636	12104	17.88	14740
67	2519	11830	17.56	14349
68	2611	11402	18.63	14013
69	2533	11328	18.27	13861
70	2368	11049	17.65	13417
71	2293	10589	17.80	12882
72	2211	10519	17.37	12730
73	2268	10286	18.07	12554
74	2200	9959	18.09	12159
75	2165	9890	17.96	12055
76	2054	9558	17.69	11612
77	2049	9390	17.91	11439
78	2014	9347	17.73	11361
79	1894	8696	17.88	10590
80	1806	8555	17.43	10361
81	1811	8502	17.56	10313
82	1717	8174	17.36	9891
83	1809	7933	18.57	9742
84	1686	7839	17.70	9525
85	1602	7536	17.53	9138
86	1602	7423	17.75	9025
87	1581	7316	17.77	8897
88	1464	7008	17.28	8472
89	1401	6782	17.12	8183
90	1483	6850	17.80	8333
91	1536	6708	18.63	8244
92	1343	6354	17.45	7697
93	1296	6341	16.97	7637
94	1298	6091	17.57	7389
95	1269	5869	17.78	7138
96	1251	5855	17.60	7106
97	1255	5616	18.27	6871
98	1165	5643	17.11	6808
99	1203	5448	18.09	6651
100	1227	5245	18.96	6472
101	1147	5194	18.09	6341
102	1086	5035	17.74	6121
103	1063	4811	18.10	5874
104	1011	4811	17.37	5822
105	1028	4675	18.03	5703
106	971	4621	17.36	5592
107	996	4411	18.42	5407
108	954	4314	18.11	5268
109	965	4305	18.31	5270
110	989	4374	18.44	5363
111	922	4085	18.41	5007
112	860	4059	17.48	4919
113	855	3964	17.74	4819
114	792	3776	17.34	4568
115	752	3623	17.19	4375
116	706	3638	16.25	4344
117	732	3463	17.45	4195
118	763	3447	18.12	4210
119	738	3342	18.09	4080
120	710	3270	17.84	3980
121	677	3183	17.54	3860
122	657	3144	17.28	3801
123	598	3085	16.24	3683
124	643	2919	18.05	3562
125	606	2945	17.07	3551
126	547	2826	16.22	3373
127	539	2611	17.11	3150
128	584	2628	18.18	3212
129	520	2621	16.56	3141
130	509	2589	16.43	3098
131	514	2583	16.60	3097
132	539	2546	17.47	3085
133	495	2442	16.85	2937
134	512	2304	18.18	2816
135	434	2269	16.06	2703

CHG context (R2)
================
position	count methylated	count unmethylated	% methylation	coverage
1	4549	93803	4.63	98352
2	3994	95790	4.00	99784
3	3001	95302	3.05	98303
4	2715	86473	3.04	89188
5	2532	84603	2.91	87135
6	2448	82421	2.88	84869
7	2334	80689	2.81	83023
8	2292	77758	2.86	80050
9	2169	75462	2.79	77631
10	2184	76086	2.79	78270
11	2083	73612	2.75	75695
12	2036	72381	2.74	74417
13	2059	71912	2.78	73971
14	2077	70701	2.85	72778
15	2042	69402	2.86	71444
16	1914	66428	2.80	68342
17	1807	64480	2.73	66287
18	1795	65321	2.67	67116
19	1691	63233	2.60	64924
20	1509	61905	2.38	63414
21	1461	59203	2.41	60664
22	1509	61170	2.41	62679
23	1348	57511	2.29	58859
24	1379	57610	2.34	58989
25	1264	54764	2.26	56028
26	1194	54653	2.14	55847
27	1180	52798	2.19	53978
28	1178	53079	2.17	54257
29	1085	50261	2.11	51346
30	1110	50338	2.16	51448
31	1076	48247	2.18	49323
32	939	46717	1.97	47656
33	996	45831	2.13	46827
34	1054	45500	2.26	46554
35	944	43866	2.11	44810
36	983	43916	2.19	44899
37	935	42408	2.16	43343
38	903	41372	2.14	42275
39	875	39517	2.17	40392
40	855	39279	2.13	40134
41	894	38060	2.30	38954
42	860	37910	2.22	38770
43	812	36059	2.20	36871
44	777	35492	2.14	36269
45	788	34986	2.20	35774
46	762	34480	2.16	35242
47	762	33011	2.26	33773
48	756	32510	2.27	33266
49	683	31421	2.13	32104
50	752	30960	2.37	31712
51	671	30288	2.17	30959
52	693	30340	2.23	31033
53	675	28642	2.30	29317
54	661	28453	2.27	29114
55	646	27334	2.31	27980
56	639	26579	2.35	27218
57	584	26241	2.18	26825
58	607	25815	2.30	26422
59	548	24892	2.15	25440
60	616	24388	2.46	25004
61	551	23941	2.25	24492
62	586	23427	2.44	24013
63	524	22320	2.29	22844
64	561	22274	2.46	22835
65	429	21466	1.96	21895
66	465	21253	2.14	21718
67	489	20324	2.35	20813
68	441	19973	2.16	20414
69	458	19273	2.32	19731
70	425	18980	2.19	19405
71	477	18366	2.53	18843
72	406	18159	2.19	18565
73	425	17631	2.35	18056
74	423	17344	2.38	17767
75	431	16948	2.48	17379
76	398	16509	2.35	16907
77	368	16111	2.23	16479
78	390	15807	2.41	16197
79	367	16010	2.24	16377
80	354	14757	2.34	15111
81	308	14432	2.09	14740
82	340	14260	2.33	14600
83	351	13879	2.47	14230
84	318	13154	2.36	13472
85	320	13093	2.39	13413
86	293	12921	2.22	13214
87	314	13110	2.34	13424
88	282	12063	2.28	12345
89	266	11714	2.22	11980
90	279	11492	2.37	11771
91	241	11194	2.11	11435
92	258	10744	2.35	11002
93	273	10534	2.53	10807
94	263	10084	2.54	10347
95	235	9935	2.31	10170
96	224	9950	2.20	10174
97	227	9658	2.30	9885
98	198	9493	2.04	9691
99	224	9125	2.40	9349
100	249	8849	2.74	9098
101	215	8637	2.43	8852
102	202	8528	2.31	8730
103	191	8075	2.31	8266
104	209	7958	2.56	8167
105	192	7964	2.35	8156
106	179	7643	2.29	7822
107	166	7420	2.19	7586
108	174	7263	2.34	7437
109	169	7052	2.34	7221
110	191	6972	2.67	7163
111	171	6738	2.48	6909
112	156	6436	2.37	6592
113	156	6436	2.37	6592
114	178	6233	2.78	6411
115	147	6001	2.39	6148
116	146	5918	2.41	6064
117	149	5892	2.47	6041
118	140	5806	2.35	5946
119	118	5471	2.11	5589
120	119	5316	2.19	5435
121	126	5209	2.36	5335
122	122	5178	2.30	5300
123	114	4882	2.28	4996
124	114	4817	2.31	4931
125	103	4692	2.15	4795
126	111	4575	2.37	4686
127	110	4296	2.50	4406
128	98	4181	2.29	4279
129	82	4175	1.93	4257
130	132	4130	3.10	4262
131	82	4054	1.98	4136
132	85	3952	2.11	4037
133	92	3805	2.36	3897
134	103	3638	2.75	3741
135	89	3619	2.40	3708

CHH context (R2)
================
position	count methylated	count unmethylated	% methylation	coverage
1	29800	370629	7.44	400429
2	28391	362520	7.26	390911
3	25001	354441	6.59	379442
4	25324	346571	6.81	371895
5	23556	335852	6.55	359408
6	22737	313637	6.76	336374
7	20998	308499	6.37	329497
8	22255	302970	6.84	325225
9	19847	295755	6.29	315602
10	20957	291692	6.70	312649
11	19073	287305	6.23	306378
12	19667	280456	6.55	300123
13	18455	279823	6.19	298278
14	19463	271239	6.70	290702
15	17841	267437	6.25	285278
16	17834	260601	6.41	278435
17	15632	252982	5.82	268614
18	14749	247001	5.63	261750
19	13045	242151	5.11	255196
20	13116	236038	5.26	249154
21	11122	231331	4.59	242453
22	11285	228013	4.72	239298
23	9936	223618	4.25	233554
24	10239	216483	4.52	226722
25	9073	212873	4.09	221946
26	9318	212698	4.20	222016
27	8140	205179	3.82	213319
28	9084	200608	4.33	209692
29	8158	197691	3.96	205849
30	8298	193992	4.10	202290
31	7668	189642	3.89	197310
32	7948	185473	4.11	193421
33	7078	181061	3.76	188139
34	7303	178182	3.94	185485
35	6946	174932	3.82	181878
36	7186	169650	4.06	176836
37	6534	165284	3.80	171818
38	6824	161576	4.05	168400
39	6138	158725	3.72	164863
40	6405	153596	4.00	160001
41	6026	152893	3.79	158919
42	6124	147404	3.99	153528
43	5830	145908	3.84	151738
44	6154	142996	4.13	149150
45	5194	136805	3.66	141999
46	5452	133706	3.92	139158
47	5145	132532	3.74	137677
48	5348	125868	4.08	131216
49	4857	123197	3.79	128054
50	5200	120899	4.12	126099
51	4474	118846	3.63	123320
52	4754	117836	3.88	122590
53	4329	113475	3.67	117804
54	4490	112356	3.84	116846
55	4215	109177	3.72	113392
56	4407	105740	4.00	110147
57	3893	103745	3.62	107638
58	3990	101971	3.77	105961
59	3799	100809	3.63	104608
60	3731	97200	3.70	100931
61	3562	94671	3.63	98233
62	3531	93320	3.65	96851
63	3273	93439	3.38	96712
64	3382	90306	3.61	93688
65	3154	87103	3.49	90257
66	3053	85078	3.46	88131
67	2991	84074	3.44	87065
68	3043	80040	3.66	83083
69	2789	78121	3.45	80910
70	2711	76363	3.43	79074
71	2618	74806	3.38	77424
72	2794	73126	3.68	75920
73	2530	72348	3.38	74878
74	2631	70459	3.60	73090
75	2322	67820	3.31	70142
76	2363	66029	3.46	68392
77	2190	65132	3.25	67322
78	2185	63473	3.33	65658
79	2149	62338	3.33	64487
80	2216	60986	3.51	63202
81	2107	60415	3.37	62522
82	2050	59365	3.34	61415
83	1971	56444	3.37	58415
84	1868	55340	3.27	57208
85	1710	53745	3.08	55455
86	1810	52539	3.33	54349
87	1687	51892	3.15	53579
88	1765	51141	3.34	52906
89	1656	49347	3.25	51003
90	1622	48762	3.22	50384
91	1516	46607	3.15	48123
92	1548	45437	3.29	46985
93	1419	45092	3.05	46511
94	1474	43500	3.28	44974
95	1355	42305	3.10	43660
96	1373	42279	3.15	43652
97	1262	40566	3.02	41828
98	1316	39426	3.23	40742
99	1275	38802	3.18	40077
100	1205	37726	3.10	38931
101	1232	36618	3.25	37850
102	1223	35809	3.30	37032
103	1098	34926	3.05	36024
104	1199	34266	3.38	35465
105	1085	33064	3.18	34149
106	1031	32312	3.09	33343
107	1024	31425	3.16	32449
108	994	30670	3.14	31664
109	927	29475	3.05	30402
110	952	29123	3.17	30075
111	871	28493	2.97	29364
112	905	27756	3.16	28661
113	800	26686	2.91	27486
114	794	26643	2.89	27437
115	773	25900	2.90	26673
116	762	25203	2.93	25965
117	713	24287	2.85	25000
118	688	23666	2.82	24354
119	747	23300	3.11	24047
120	695	22996	2.93	23691
121	669	22190	2.93	22859
122	640	21828	2.85	22468
123	640	21375	2.91	22015
124	644	20436	3.06	21080
125	589	19292	2.96	19881
126	586	18519	3.07	19105
127	563	17690	3.08	18253
128	560	17175	3.16	17735
129	506	16810	2.92	17316
130	532	16623	3.10	17155
131	539	16072	3.24	16611
132	511	15536	3.18	16047
133	515	15209	3.28	15724
134	511	15104	3.27	15615
135	449	14459	3.01	14908

