CpG context (R1)
================
position	count methylated	count unmethylated	% methylation	coverage
1	104910	205150	33.84	310060
2	112446	319904	26.01	432350
3	83577	398459	17.34	482036
4	66868	390676	14.61	457544
5	90810	398614	18.55	489424
6	64739	289705	18.26	354444
7	69599	267657	20.64	337256
8	83461	293177	22.16	376638
9	86950	298040	22.59	384990
10	84806	284378	22.97	369184
11	101041	293901	25.58	394942
12	122752	293520	29.49	416272
13	110919	295858	27.27	406777
14	92291	294360	23.87	386651
15	91887	292913	23.88	384800
16	92132	292328	23.96	384460
17	95723	304652	23.91	400375
18	91909	301526	23.36	393435
19	92447	300589	23.52	393036
20	96446	312138	23.60	408584
21	100645	315391	24.19	416036
22	99821	310325	24.34	410146
23	98841	311738	24.07	410579
24	98743	312413	24.02	411156
25	99780	309426	24.38	409206
26	98557	304023	24.48	402580
27	97292	306626	24.09	403918
28	97064	303982	24.20	401046
29	97406	304555	24.23	401961
30	97123	306350	24.07	403473
31	98171	307995	24.17	406166
32	98887	306033	24.42	404920
33	98482	305596	24.37	404078
34	99254	305478	24.52	404732
35	98876	304004	24.54	402880
36	98451	308982	24.16	407433
37	98291	303026	24.49	401317
38	99297	306169	24.49	405466
39	97769	307332	24.13	405101
40	97109	299896	24.46	397005
41	98853	300930	24.73	399783
42	98199	303136	24.47	401335
43	98004	299004	24.69	397008
44	99186	301914	24.73	401100
45	96870	298976	24.47	395846
46	96955	298039	24.55	394994
47	96392	294449	24.66	390841
48	97122	296327	24.68	393449
49	95925	292560	24.69	388485
50	96285	293944	24.67	390229
51	94890	292566	24.49	387456
52	93001	288110	24.40	381111
53	93384	285705	24.63	379089
54	92248	284312	24.50	376560
55	92019	282110	24.60	374129
56	92239	281031	24.71	373270
57	91644	282186	24.51	373830
58	91028	279091	24.59	370119
59	90272	277919	24.52	368191
60	89278	274594	24.54	363872
61	88227	269954	24.63	358181
62	87899	270373	24.53	358272
63	87285	267814	24.58	355099
64	86911	265420	24.67	352331
65	85895	263397	24.59	349292
66	85402	261745	24.60	347147
67	85499	258399	24.86	343898
68	83622	256625	24.58	340247
69	82911	254589	24.57	337500
70	81813	249519	24.69	331332
71	81398	246487	24.83	327885
72	79666	244572	24.57	324238
73	79247	239435	24.87	318682
74	78237	237748	24.76	315985
75	77599	234463	24.87	312062
76	76490	231761	24.81	308251
77	75515	228126	24.87	303641
78	73782	224515	24.73	298297
79	73617	221027	24.99	294644
80	72368	219267	24.81	291635
81	71281	216799	24.74	288080
82	70756	213656	24.88	284412
83	69576	210500	24.84	280076
84	68580	208848	24.72	277428
85	67211	205310	24.66	272521
86	66818	201972	24.86	268790
87	65390	198661	24.76	264051
88	64862	196764	24.79	261626
89	63872	194046	24.76	257918
90	62614	192689	24.53	255303
91	62162	186675	24.98	248837
92	60370	182906	24.82	243276
93	59632	182054	24.67	241686
94	57981	176290	24.75	234271
95	57191	174960	24.64	232151
96	56230	171627	24.68	227857
97	54880	168245	24.60	223125
98	54301	165161	24.74	219462
99	53452	162872	24.71	216324
100	52052	159171	24.64	211223
101	51691	157095	24.76	208786
102	50352	155145	24.50	205497
103	49454	151487	24.61	200941
104	48668	147864	24.76	196532
105	47895	146707	24.61	194602
106	47058	142940	24.77	189998
107	45658	140350	24.55	186008
108	44836	138679	24.43	183515
109	44112	135904	24.50	180016
110	43774	133867	24.64	177641
111	42832	131652	24.55	174484
112	41926	128009	24.67	169935
113	41089	126407	24.53	167496
114	40554	124534	24.57	165088
115	39601	120324	24.76	159925
116	39046	119646	24.60	158692
117	38227	118022	24.47	156249
118	36946	115724	24.20	152670
119	36715	113446	24.45	150161
120	36169	111038	24.57	147207
121	35514	108816	24.61	144330
122	34863	107231	24.54	142094
123	34407	105182	24.65	139589
124	33944	103136	24.76	137080
125	33894	102114	24.92	136008
126	32285	99192	24.56	131477
127	31083	96154	24.43	127237
128	30525	94492	24.42	125017
129	29735	92118	24.40	121853
130	29699	91107	24.58	120806
131	29199	89017	24.70	118216
132	28111	87552	24.30	115663
133	27790	85093	24.62	112883
134	27220	83748	24.53	110968
135	26580	82439	24.38	109019
136	26106	79681	24.68	105787
137	25707	79181	24.51	104888
138	25104	78319	24.27	103423
139	24862	76941	24.42	101803
140	24434	74717	24.64	99151
141	22569	72843	23.65	95412
142	22355	70972	23.95	93327
143	21784	69607	23.84	91391
144	21163	68733	23.54	89896
145	21072	67163	23.88	88235
146	21140	66824	24.03	87964
147	21019	66636	23.98	87655
148	19900	63898	23.75	83798
149	18943	62234	23.34	81177
150	18499	60236	23.50	78735

CHG context (R1)
================
position	count methylated	count unmethylated	% methylation	coverage
1	187910	917894	16.99	1105804
2	118198	371497	24.14	489695
3	113245	520043	17.88	633288
4	72125	473756	13.21	545881
5	48179	659364	6.81	707543
6	31420	735132	4.10	766552
7	26632	524656	4.83	551288
8	29510	536471	5.21	565981
9	27559	545898	4.81	573457
10	33339	526996	5.95	560335
11	52097	528044	8.98	580141
12	29455	543915	5.14	573370
13	29439	563289	4.97	592728
14	24815	561061	4.24	585876
15	26422	542989	4.64	569411
16	28869	540844	5.07	569713
17	25536	564816	4.33	590352
18	27454	586970	4.47	614424
19	25923	559522	4.43	585445
20	26500	565246	4.48	591746
21	26502	569301	4.45	595803
22	25786	578451	4.27	604237
23	25238	578282	4.18	603520
24	24785	562283	4.22	587068
25	25026	569154	4.21	594180
26	24494	559702	4.19	584196
27	24770	561681	4.22	586451
28	24793	569550	4.17	594343
29	24621	570423	4.14	595044
30	24617	571796	4.13	596413
31	25058	572901	4.19	597959
32	24534	567875	4.14	592409
33	25413	579277	4.20	604690
34	24859	569986	4.18	594845
35	25028	569029	4.21	594057
36	24695	565044	4.19	589739
37	25539	578567	4.23	604106
38	25070	566433	4.24	591503
39	24956	573181	4.17	598137
40	24893	565820	4.21	590713
41	25011	570759	4.20	595770
42	24587	563993	4.18	588580
43	25193	567407	4.25	592600
44	24708	557528	4.24	582236
45	24956	564559	4.23	589515
46	24896	557144	4.28	582040
47	25016	553157	4.33	578173
48	25261	550674	4.39	575935
49	25640	557231	4.40	582871
50	25256	548178	4.40	573434
51	25452	547423	4.44	572875
52	25112	542624	4.42	567736
53	25677	543320	4.51	568997
54	25442	533961	4.55	559403
55	25483	538252	4.52	563735
56	25418	529474	4.58	554892
57	25565	531174	4.59	556739
58	25630	521159	4.69	546789
59	25651	518247	4.72	543898
60	25556	514208	4.73	539764
61	25794	516270	4.76	542064
62	25501	506423	4.79	531924
63	25254	503066	4.78	528320
64	25147	496756	4.82	521903
65	25236	495184	4.85	520420
66	25428	489848	4.93	515276
67	25200	490260	4.89	515460
68	24792	476511	4.95	501303
69	25114	477326	5.00	502440
70	25087	471639	5.05	496726
71	25035	464001	5.12	489036
72	24548	457866	5.09	482414
73	24607	454902	5.13	479509
74	24138	445063	5.14	469201
75	24485	443806	5.23	468291
76	24435	435472	5.31	459907
77	24035	429806	5.30	453841
78	23885	423319	5.34	447204
79	23963	420845	5.39	444808
80	23510	411396	5.41	434906
81	23665	410098	5.46	433763
82	23211	401076	5.47	424287
83	22935	394375	5.50	417310
84	22676	386930	5.54	409606
85	22748	386489	5.56	409237
86	22625	377760	5.65	400385
87	22679	372897	5.73	395576
88	22367	366650	5.75	389017
89	22197	361008	5.79	383205
90	21704	356395	5.74	378099
91	21838	350822	5.86	372660
92	21240	345283	5.79	366523
93	21490	340846	5.93	362336
94	21048	342119	5.80	363167
95	20782	324838	6.01	345620
96	20381	319582	6.00	339963
97	20132	315654	6.00	335786
98	19837	308524	6.04	328361
99	19886	302312	6.17	322198
100	19517	297924	6.15	317441
101	19309	296662	6.11	315971
102	19286	294494	6.15	313780
103	18759	282472	6.23	301231
104	18271	274216	6.25	292487
105	18251	270103	6.33	288354
106	17999	264630	6.37	282629
107	17687	260100	6.37	277787
108	17321	254278	6.38	271599
109	17382	251149	6.47	268531
110	16980	244819	6.49	261799
111	16846	241988	6.51	258834
112	16709	237311	6.58	254020
113	16473	232350	6.62	248823
114	16223	228174	6.64	244397
115	15823	222332	6.64	238155
116	15420	217853	6.61	233273
117	15327	215084	6.65	230411
118	15240	210025	6.77	225265
119	15036	205810	6.81	220846
120	14525	202465	6.69	216990
121	14566	198181	6.85	212747
122	14455	194195	6.93	208650
123	14002	191168	6.82	205170
124	13756	186666	6.86	200422
125	13585	182503	6.93	196088
126	13262	179481	6.88	192743
127	13350	176970	7.01	190320
128	13200	172907	7.09	186107
129	12892	168723	7.10	181615
130	12533	164846	7.07	177379
131	12298	161850	7.06	174148
132	12093	158424	7.09	170517
133	12174	155164	7.28	167338
134	11709	152087	7.15	163796
135	11658	148321	7.29	159979
136	11489	144960	7.34	156449
137	11083	143176	7.18	154259
138	10761	139112	7.18	149873
139	10646	136354	7.24	147000
140	10427	133004	7.27	143431
141	9964	131157	7.06	141121
142	9698	128013	7.04	137711
143	9469	125059	7.04	134528
144	9314	122953	7.04	132267
145	9110	120763	7.01	129873
146	8927	118216	7.02	127143
147	8537	115634	6.88	124171
148	8509	113737	6.96	122246
149	8448	112017	7.01	120465
150	8293	108739	7.09	117032

CHH context (R1)
================
position	count methylated	count unmethylated	% methylation	coverage
1	440680	935280	32.03	1375960
2	406726	1247361	24.59	1654087
3	320436	1133519	22.04	1453955
4	259602	1185422	17.97	1445024
5	219697	1434275	13.28	1653972
6	176977	1619086	9.85	1796063
7	176267	1889075	8.53	2065342
8	184770	1914379	8.80	2099149
9	159418	1815666	8.07	1975084
10	144933	1763940	7.59	1908873
11	170910	1708192	9.10	1879102
12	156508	1722599	8.33	1879107
13	157464	1759823	8.21	1917287
14	147026	1768911	7.67	1915937
15	163992	1773415	8.46	1937407
16	165359	1730823	8.72	1896182
17	154478	1728499	8.20	1882977
18	147171	1736609	7.81	1883780
19	162505	1753505	8.48	1916010
20	153894	1767333	8.01	1921227
21	159691	1735979	8.42	1895670
22	149811	1749061	7.89	1898872
23	158749	1760163	8.27	1918912
24	146153	1750574	7.71	1896727
25	154865	1766574	8.06	1921439
26	145300	1776016	7.56	1921316
27	151381	1781651	7.83	1933032
28	142846	1805467	7.33	1948313
29	152239	1811897	7.75	1964136
30	142740	1813236	7.30	1955976
31	150494	1806251	7.69	1956745
32	142168	1785613	7.37	1927781
33	147076	1778088	7.64	1925164
34	138805	1784121	7.22	1922926
35	146085	1772444	7.61	1918529
36	136811	1779329	7.14	1916140
37	142457	1787461	7.38	1929918
38	136809	1783306	7.13	1920115
39	140790	1770798	7.37	1911588
40	133267	1773464	6.99	1906731
41	139782	1793040	7.23	1932822
42	131146	1774736	6.88	1905882
43	137670	1769410	7.22	1907080
44	131572	1771828	6.91	1903400
45	134375	1767637	7.06	1902012
46	130541	1761057	6.90	1891598
47	135478	1756220	7.16	1891698
48	127382	1739358	6.82	1866740
49	131542	1737242	7.04	1868784
50	128253	1740973	6.86	1869226
51	131451	1730343	7.06	1861794
52	125271	1720571	6.79	1845842
53	128290	1714657	6.96	1842947
54	123713	1700186	6.78	1823899
55	126419	1685870	6.98	1812289
56	123313	1685422	6.82	1808735
57	123257	1666911	6.89	1790168
58	121778	1679444	6.76	1801222
59	124765	1664883	6.97	1789648
60	117652	1627412	6.74	1745064
61	118804	1613961	6.86	1732765
62	116990	1618184	6.74	1735174
63	117699	1578106	6.94	1695805
64	114359	1564597	6.81	1678956
65	115412	1552169	6.92	1667581
66	110939	1546293	6.69	1657232
67	113535	1542811	6.85	1656346
68	109363	1512392	6.74	1621755
69	110453	1509972	6.82	1620425
70	107405	1482645	6.75	1590050
71	109111	1462872	6.94	1571983
72	105267	1447328	6.78	1552595
73	105571	1434710	6.85	1540281
74	103583	1433777	6.74	1537360
75	103468	1398717	6.89	1502185
76	99891	1379074	6.75	1478965
77	100947	1368652	6.87	1469599
78	98690	1367922	6.73	1466612
79	99475	1342147	6.90	1441622
80	96078	1308168	6.84	1404246
81	95467	1295075	6.87	1390542
82	93671	1287049	6.78	1380720
83	93986	1252596	6.98	1346582
84	90541	1231228	6.85	1321769
85	90342	1209635	6.95	1299977
86	88637	1198513	6.89	1287150
87	88645	1181431	6.98	1270076
88	87113	1174276	6.91	1261389
89	86913	1150523	7.02	1237436
90	84529	1120596	7.01	1205125
91	84883	1103217	7.14	1188100
92	82297	1087696	7.03	1169993
93	81700	1069890	7.09	1151590
94	79882	1056409	7.03	1136291
95	80507	1042537	7.17	1123044
96	78816	1035832	7.07	1114648
97	77935	1015851	7.13	1093786
98	76056	985002	7.17	1061058
99	75672	965801	7.27	1041473
100	73072	951417	7.13	1024489
101	73514	936617	7.28	1010131
102	71802	925114	7.20	996916
103	71802	919038	7.25	990840
104	69535	895814	7.20	965349
105	69140	885466	7.24	954606
106	67370	858403	7.28	925773
107	67339	843269	7.39	910608
108	65436	830998	7.30	896434
109	64674	808381	7.41	873055
110	63429	797200	7.37	860629
111	63421	791874	7.42	855295
112	61878	767021	7.47	828899
113	60863	751176	7.50	812039
114	59767	739491	7.48	799258
115	59245	724137	7.56	783382
116	58148	711688	7.55	769836
117	56980	696101	7.57	753081
118	56268	684802	7.59	741070
119	56264	671759	7.73	728023
120	53769	658806	7.55	712575
121	53671	643587	7.70	697258
122	53214	632442	7.76	685656
123	51522	616824	7.71	668346
124	50982	606316	7.76	657298
125	50138	595623	7.76	645761
126	48572	580368	7.72	628940
127	48536	568033	7.87	616569
128	47061	558101	7.78	605162
129	46292	546980	7.80	593272
130	45454	535367	7.83	580821
131	45226	529117	7.87	574343
132	44233	515632	7.90	559865
133	44144	505966	8.02	550110
134	42867	495390	7.96	538257
135	41745	483936	7.94	525681
136	40821	474957	7.91	515778
137	40221	464735	7.97	504956
138	39397	456388	7.95	495785
139	38684	445521	7.99	484205
140	37515	434261	7.95	471776
141	36942	426378	7.97	463320
142	36524	417821	8.04	454345
143	36009	408602	8.10	444611
144	34576	401826	7.92	436402
145	34208	394062	7.99	428270
146	33076	388331	7.85	421407
147	32161	382505	7.76	414666
148	32332	374921	7.94	407253
149	31991	368762	7.98	400753
150	30931	358963	7.93	389894

CpG context (R2)
================
position	count methylated	count unmethylated	% methylation	coverage
1	19647	42980	31.37	62627
2	20713	60464	25.52	81177
3	15295	77763	16.44	93058
4	12524	72785	14.68	85309
5	16511	68133	19.51	84644
6	11438	49172	18.87	60610
7	11290	45439	19.90	56729
8	13921	47328	22.73	61249
9	13905	47019	22.82	60924
10	13936	44287	23.94	58223
11	18280	43678	29.50	61958
12	26655	43300	38.10	69955
13	23458	42618	35.50	66076
14	13177	41430	24.13	54607
15	12686	41071	23.60	53757
16	13143	39842	24.81	52985
17	13391	43334	23.61	56725
18	12549	40519	23.65	53068
19	12217	40114	23.35	52331
20	12210	40523	23.15	52733
21	12540	40204	23.78	52744
22	12426	38811	24.25	51237
23	12030	37850	24.12	49880
24	11653	36801	24.05	48454
25	11676	36169	24.40	47845
26	11292	34999	24.39	46291
27	10916	34480	24.05	45396
28	10800	33099	24.60	43899
29	10595	32796	24.42	43391
30	10112	31914	24.06	42026
31	9995	31260	24.23	41255
32	10132	30553	24.90	40685
33	9715	29831	24.57	39546
34	9451	29113	24.51	38564
35	9451	28489	24.91	37940
36	8968	28366	24.02	37334
37	9076	27476	24.83	36552
38	8861	26770	24.87	35631
39	8520	26372	24.42	34892
40	8427	25288	24.99	33715
41	8261	24663	25.09	32924
42	8089	24382	24.91	32471
43	8058	23995	25.14	32053
44	7705	23104	25.01	30809
45	7515	22748	24.83	30263
46	7404	22371	24.87	29775
47	7142	21524	24.91	28666
48	7082	21244	25.00	28326
49	6921	20929	24.85	27850
50	6807	20291	25.12	27098
51	6638	19708	25.20	26346
52	6473	19054	25.36	25527
53	6284	18735	25.12	25019
54	6074	18320	24.90	24394
55	5931	17698	25.10	23629
56	5975	17465	25.49	23440
57	5805	17165	25.27	22970
58	5468	16977	24.36	22445
59	5447	16435	24.89	21882
60	5449	16006	25.40	21455
61	5149	15397	25.06	20546
62	4992	15149	24.79	20141
63	5036	14921	25.23	19957
64	5045	14407	25.94	19452
65	4773	14107	25.28	18880
66	4820	14139	25.42	18959
67	4699	13579	25.71	18278
68	4519	13390	25.23	17909
69	4512	12930	25.87	17442
70	4403	12536	25.99	16939
71	4295	12254	25.95	16549
72	4151	12014	25.68	16165
73	4032	11766	25.52	15798
74	3971	11505	25.66	15476
75	3955	11465	25.65	15420
76	3793	10863	25.88	14656
77	3753	10589	26.17	14342
78	3624	10250	26.12	13874
79	3450	10194	25.29	13644
80	3483	9894	26.04	13377
81	3439	9740	26.09	13179
82	3344	9643	25.75	12987
83	3321	9191	26.54	12512
84	3234	9125	26.17	12359
85	3229	8932	26.55	12161
86	3042	8712	25.88	11754
87	2884	8608	25.10	11492
88	3039	8451	26.45	11490
89	2881	8243	25.90	11124
90	2746	8141	25.22	10887
91	2740	7660	26.35	10400
92	2642	7458	26.16	10100
93	2568	7537	25.41	10105
94	2525	7337	25.60	9862
95	2488	7030	26.14	9518
96	2334	6902	25.27	9236
97	2403	6537	26.88	8940
98	2219	6523	25.38	8742
99	2296	6358	26.53	8654
100	2098	6189	25.32	8287
101	2189	6249	25.94	8438
102	2132	5929	26.45	8061
103	2044	5832	25.95	7876
104	1977	5563	26.22	7540
105	1902	5569	25.46	7471
106	1961	5429	26.54	7390
107	1830	5346	25.50	7176
108	1760	5124	25.57	6884
109	1794	5117	25.96	6911
110	1731	5194	25.00	6925
111	1739	4848	26.40	6587
112	1617	4752	25.39	6369
113	1597	4684	25.43	6281
114	1656	4487	26.96	6143
115	1544	4440	25.80	5984
116	1526	4374	25.86	5900
117	1466	4348	25.21	5814
118	1417	4126	25.56	5543
119	1446	3989	26.61	5435
120	1407	4025	25.90	5432
121	1388	3956	25.97	5344
122	1299	3751	25.72	5050
123	1331	3662	26.66	4993
124	1440	3781	27.58	5221
125	1347	3612	27.16	4959
126	1225	3408	26.44	4633
127	1158	3281	26.09	4439
128	1155	3389	25.42	4544
129	1140	3160	26.51	4300
130	1126	3167	26.23	4293
131	1054	3139	25.14	4193
132	1040	2984	25.84	4024
133	1073	2954	26.65	4027
134	1040	2902	26.38	3942
135	983	2866	25.54	3849
136	990	2815	26.02	3805
137	967	2701	26.36	3668
138	939	2669	26.03	3608
139	986	2650	27.12	3636
140	945	2551	27.03	3496
141	909	2469	26.91	3378
142	844	2367	26.28	3211
143	796	2410	24.83	3206
144	811	2310	25.99	3121
145	834	2279	26.79	3113
146	826	2300	26.42	3126
147	747	2319	24.36	3066
148	762	2106	26.57	2868
149	742	2117	25.95	2859
150	723	2082	25.78	2805

CHG context (R2)
================
position	count methylated	count unmethylated	% methylation	coverage
1	38768	175791	18.07	214559
2	23991	75270	24.17	99261
3	25005	92067	21.36	117072
4	16797	81074	17.16	97871
5	14419	111059	11.49	125478
6	7758	119651	6.09	127409
7	6251	84923	6.86	91174
8	7403	84057	8.09	91460
9	6467	84101	7.14	90568
10	9021	78030	10.36	87051
11	16849	76217	18.10	93066
12	7104	76592	8.49	83696
13	7428	81202	8.38	88630
14	5102	83796	5.74	88898
15	5625	73951	7.07	79576
16	6962	71169	8.91	78131
17	5418	75864	6.67	81282
18	6054	81431	6.92	87485
19	5127	69987	6.83	75114
20	5263	70648	6.93	75911
21	4967	69009	6.71	73976
22	4656	69776	6.26	74432
23	4462	68109	6.15	72571
24	4305	64595	6.25	68900
25	4413	63663	6.48	68076
26	4126	61925	6.25	66051
27	4120	60553	6.37	64673
28	4168	60340	6.46	64508
29	3976	59585	6.26	63561
30	3842	57801	6.23	61643
31	3731	56551	6.19	60282
32	3685	54650	6.32	58335
33	3617	55266	6.14	58883
34	3503	53034	6.20	56537
35	3481	52062	6.27	55543
36	3268	50633	6.06	53901
37	3406	50611	6.31	54017
38	3145	48405	6.10	51550
39	3289	48142	6.39	51431
40	3154	46413	6.36	49567
41	3120	45368	6.43	48488
42	2915	44255	6.18	47170
43	2965	43530	6.38	46495
44	2822	41569	6.36	44391
45	2855	41948	6.37	44803
46	2683	40197	6.26	42880
47	2633	39242	6.29	41875
48	2623	37876	6.48	40499
49	2552	38021	6.29	40573
50	2574	36736	6.55	39310
51	2631	36123	6.79	38754
52	2497	35037	6.65	37534
53	2432	34234	6.63	36666
54	2310	33091	6.53	35401
55	2369	32779	6.74	35148
56	2301	31877	6.73	34178
57	2287	31405	6.79	33692
58	2165	30504	6.63	32669
59	2137	29793	6.69	31930
60	2146	29224	6.84	31370
61	2003	28615	6.54	30618
62	2016	27251	6.89	29267
63	1964	27201	6.73	29165
64	1958	26077	6.98	28035
65	1918	25872	6.90	27790
66	1882	25152	6.96	27034
67	1916	25114	7.09	27030
68	1832	23866	7.13	25698
69	1753	23857	6.84	25610
70	1726	22875	7.02	24601
71	1697	22261	7.08	23958
72	1700	21736	7.25	23436
73	1640	21655	7.04	23295
74	1600	20902	7.11	22502
75	1542	20799	6.90	22341
76	1531	19923	7.14	21454
77	1519	19594	7.19	21113
78	1576	19076	7.63	20652
79	1427	18629	7.12	20056
80	1410	17990	7.27	19400
81	1397	18033	7.19	19430
82	1409	17164	7.59	18573
83	1386	16716	7.66	18102
84	1336	16493	7.49	17829
85	1339	16411	7.54	17750
86	1265	15644	7.48	16909
87	1273	15508	7.59	16781
88	1266	15264	7.66	16530
89	1242	14905	7.69	16147
90	1246	14649	7.84	15895
91	1113	14336	7.20	15449
92	1106	13746	7.45	14852
93	1120	13854	7.48	14974
94	1096	13994	7.26	15090
95	1000	12805	7.24	13805
96	1082	12386	8.03	13468
97	964	12127	7.36	13091
98	1010	11755	7.91	12765
99	936	11456	7.55	12392
100	951	11483	7.65	12434
101	1004	11462	8.05	12466
102	966	11732	7.61	12698
103	912	10586	7.93	11498
104	881	10142	7.99	11023
105	842	10192	7.63	11034
106	888	9632	8.44	10520
107	865	9489	8.35	10354
108	788	9217	7.88	10005
109	782	9175	7.85	9957
110	867	8940	8.84	9807
111	766	8801	8.01	9567
112	698	8600	7.51	9298
113	723	8441	7.89	9164
114	743	8122	8.38	8865
115	730	7980	8.38	8710
116	709	7883	8.25	8592
117	687	7705	8.19	8392
118	637	7395	7.93	8032
119	632	7117	8.16	7749
120	665	7066	8.60	7731
121	623	6923	8.26	7546
122	598	6849	8.03	7447
123	625	6485	8.79	7110
124	654	6447	9.21	7101
125	618	6411	8.79	7029
126	602	6277	8.75	6879
127	515	6120	7.76	6635
128	566	5872	8.79	6438
129	547	5799	8.62	6346
130	518	5663	8.38	6181
131	499	5537	8.27	6036
132	519	5417	8.74	5936
133	502	5248	8.73	5750
134	455	5134	8.14	5589
135	493	5023	8.94	5516
136	459	4922	8.53	5381
137	483	4639	9.43	5122
138	447	4571	8.91	5018
139	462	4583	9.16	5045
140	419	4594	8.36	5013
141	406	4358	8.52	4764
142	403	4277	8.61	4680
143	403	4223	8.71	4626
144	400	3941	9.21	4341
145	380	4096	8.49	4476
146	355	3961	8.23	4316
147	413	3809	9.78	4222
148	360	3689	8.89	4049
149	357	3652	8.90	4009
150	349	3654	8.72	4003

CHH context (R2)
================
position	count methylated	count unmethylated	% methylation	coverage
1	84288	197759	29.88	282047
2	81329	250792	24.49	332121
3	63482	218565	22.51	282047
4	55577	217119	20.38	272696
5	54488	254216	17.65	308704
6	41831	282610	12.89	324441
7	35072	330574	9.59	365646
8	42975	320087	11.84	363062
9	27447	302399	8.32	329846
10	25887	285798	8.31	311685
11	31300	262819	10.64	294119
12	29794	258237	10.34	288031
13	25988	264576	8.94	290564
14	23860	262693	8.33	286553
15	27702	262617	9.54	290319
16	32645	242466	11.87	275111
17	23733	245090	8.83	268823
18	23870	239188	9.07	263058
19	25235	240416	9.50	265651
20	24058	236279	9.24	260337
21	23972	225632	9.60	249604
22	22331	225435	9.01	247766
23	22631	222817	9.22	245448
24	20506	220974	8.49	241480
25	21201	217472	8.88	238673
26	19603	214036	8.39	233639
27	19945	210719	8.65	230664
28	18693	209644	8.19	228337
29	19493	205616	8.66	225109
30	18305	201544	8.33	219849
31	18625	197871	8.60	216496
32	17763	191492	8.49	209255
33	17805	186682	8.71	204487
34	16640	182800	8.34	199440
35	17287	177778	8.86	195065
36	16211	174929	8.48	191140
37	16651	172468	8.80	189119
38	15981	168391	8.67	184372
39	15859	164711	8.78	180570
40	15010	161439	8.51	176449
41	15459	160016	8.81	175475
42	14462	155105	8.53	169567
43	14949	151135	9.00	166084
44	13948	148483	8.59	162431
45	14111	145047	8.87	159158
46	13779	141766	8.86	155545
47	14075	139134	9.19	153209
48	13314	135174	8.97	148488
49	13166	132475	9.04	145641
50	12705	130525	8.87	143230
51	13390	126817	9.55	140207
52	12313	124173	9.02	136486
53	12640	121431	9.43	134071
54	11928	118630	9.14	130558
55	11996	115296	9.42	127292
56	11848	114024	9.41	125872
57	11377	111327	9.27	122704
58	11227	110861	9.20	122088
59	11599	108167	9.68	119766
60	10453	104161	9.12	114614
61	10552	101608	9.41	112160
62	10618	101183	9.50	111801
63	10569	96450	9.88	107019
64	10112	94713	9.65	104825
65	10004	92083	9.80	102087
66	9525	90750	9.50	100275
67	9880	89839	9.91	99719
68	9324	87252	9.65	96576
69	9422	86403	9.83	95825
70	8978	83774	9.68	92752
71	9099	81064	10.09	90163
72	8532	79467	9.70	87999
73	8650	78009	9.98	86659
74	8379	77766	9.73	86145
75	8267	74443	10.00	82710
76	7827	72733	9.72	80560
77	7931	71604	9.97	79535
78	7676	72085	9.62	79761
79	7756	69230	10.07	76986
80	7257	66871	9.79	74128
81	7353	65721	10.06	73074
82	7255	64836	10.06	72091
83	7110	62425	10.23	69535
84	6626	60691	9.84	67317
85	6651	59576	10.04	66227
86	6534	58232	10.09	64766
87	6502	56886	10.26	63388
88	6202	56577	9.88	62779
89	6290	55533	10.17	61823
90	6093	52887	10.33	58980
91	5874	51596	10.22	57470
92	5557	50876	9.85	56433
93	5633	49349	10.25	54982
94	5487	48858	10.10	54345
95	5573	47863	10.43	53436
96	5335	47742	10.05	53077
97	5171	46583	9.99	51754
98	5016	44382	10.15	49398
99	5013	43418	10.35	48431
100	4921	42589	10.36	47510
101	4858	41442	10.49	46300
102	4582	40887	10.08	45469
103	4635	40849	10.19	45484
104	4370	39340	10.00	43710
105	4499	39048	10.33	43547
106	4194	37281	10.11	41475
107	4296	36294	10.58	40590
108	4054	35935	10.14	39989
109	3883	34753	10.05	38636
110	3819	33655	10.19	37474
111	3899	33928	10.31	37827
112	3631	32570	10.03	36201
113	3619	31462	10.32	35081
114	3606	30838	10.47	34444
115	3481	30052	10.38	33533
116	3504	29209	10.71	32713
117	3393	28637	10.59	32030
118	3276	28185	10.41	31461
119	3287	27529	10.67	30816
120	3066	26865	10.24	29931
121	3101	26084	10.63	29185
122	2987	25472	10.50	28459
123	2977	24823	10.71	27800
124	2949	24456	10.76	27405
125	2863	23852	10.72	26715
126	2674	23400	10.26	26074
127	2769	22669	10.89	25438
128	2647	22177	10.66	24824
129	2677	21561	11.04	24238
130	2508	21182	10.59	23690
131	2520	21186	10.63	23706
132	2360	19924	10.59	22284
133	2454	19655	11.10	22109
134	2258	19386	10.43	21644
135	2243	18816	10.65	21059
136	2221	18464	10.74	20685
137	2133	17910	10.64	20043
138	2072	17494	10.59	19566
139	2093	17145	10.88	19238
140	1974	16389	10.75	18363
141	1978	16209	10.88	18187
142	1923	16014	10.72	17937
143	1990	15588	11.32	17578
144	1912	15449	11.01	17361
145	1899	15074	11.19	16973
146	1773	14810	10.69	16583
147	1809	14889	10.83	16698
148	1734	14274	10.83	16008
149	1690	14049	10.74	15739
150	1695	13537	11.13	15232

