CpG context (R1)
================
position	count methylated	count unmethylated	% methylation	coverage
1	830	4350	16.02	5180
2	1037	4525	18.64	5562
3	780	4043	16.17	4823
4	771	4043	16.02	4814
5	795	4122	16.17	4917
6	717	3972	15.29	4689
7	742	4044	15.50	4786
8	776	4000	16.25	4776
9	725	4031	15.24	4756
10	763	4165	15.48	4928
11	805	3934	16.99	4739
12	787	4021	16.37	4808
13	791	4281	15.60	5072
14	795	4156	16.06	4951
15	771	4073	15.92	4844
16	741	4169	15.09	4910
17	766	4086	15.79	4852
18	759	4020	15.88	4779
19	791	4146	16.02	4937
20	761	4351	14.89	5112
21	709	4650	13.23	5359
22	738	4112	15.22	4850
23	787	4195	15.80	4982
24	748	4216	15.07	4964
25	770	3940	16.35	4710
26	709	4149	14.59	4858
27	815	4095	16.60	4910
28	834	4262	16.37	5096
29	769	4273	15.25	5042
30	753	4078	15.59	4831
31	783	4179	15.78	4962
32	736	4149	15.07	4885
33	710	4124	14.69	4834
34	714	4208	14.51	4922
35	735	4219	14.84	4954
36	699	4156	14.40	4855
37	708	4024	14.96	4732
38	710	4037	14.96	4747
39	718	4083	14.96	4801
40	693	4034	14.66	4727
41	688	4048	14.53	4736
42	774	4379	15.02	5153
43	746	4095	15.41	4841
44	688	4076	14.44	4764
45	643	4084	13.60	4727
46	670	3920	14.60	4590
47	621	3808	14.02	4429
48	667	3933	14.50	4600
49	707	3958	15.16	4665
50	759	3823	16.56	4582
51	720	3907	15.56	4627
52	701	3878	15.31	4579
53	657	3877	14.49	4534
54	683	3826	15.15	4509
55	692	3771	15.51	4463
56	672	3674	15.46	4346
57	658	3795	14.78	4453
58	646	3683	14.92	4329
59	701	3897	15.25	4598
60	719	3851	15.73	4570
61	688	3790	15.36	4478
62	682	3840	15.08	4522
63	586	3634	13.89	4220
64	566	3564	13.70	4130
65	601	3797	13.67	4398
66	659	3770	14.88	4429
67	670	3677	15.41	4347
68	650	3642	15.14	4292
69	663	3535	15.79	4198
70	629	3526	15.14	4155
71	611	3537	14.73	4148
72	581	3557	14.04	4138
73	672	3651	15.54	4323
74	583	3707	13.59	4290
75	597	3557	14.37	4154
76	623	3611	14.71	4234
77	590	3513	14.38	4103
78	655	3573	15.49	4228
79	552	3281	14.40	3833
80	606	3454	14.93	4060
81	570	3463	14.13	4033
82	540	3241	14.28	3781
83	471	3425	12.09	3896
84	562	3306	14.53	3868
85	474	3215	12.85	3689
86	570	3355	14.52	3925
87	542	3421	13.68	3963
88	570	3222	15.03	3792
89	546	3150	14.77	3696
90	521	3333	13.52	3854
91	569	3281	14.78	3850
92	516	3152	14.07	3668
93	526	3266	13.87	3792
94	528	3190	14.20	3718
95	510	2890	15.00	3400
96	564	3060	15.56	3624
97	517	3017	14.63	3534
98	538	2963	15.37	3501
99	556	3075	15.31	3631
100	525	3040	14.73	3565
101	541	3008	15.24	3549
102	496	2949	14.40	3445
103	480	2818	14.55	3298
104	521	2934	15.08	3455
105	487	2787	14.87	3274
106	469	2866	14.06	3335
107	483	2702	15.16	3185
108	518	2712	16.04	3230
109	524	2630	16.61	3154
110	511	2812	15.38	3323
111	504	2753	15.47	3257
112	438	2637	14.24	3075
113	462	2683	14.69	3145
114	437	2596	14.41	3033
115	447	2649	14.44	3096
116	412	2743	13.06	3155
117	429	2642	13.97	3071
118	397	2595	13.27	2992
119	428	2514	14.55	2942
120	413	2423	14.56	2836
121	488	2497	16.35	2985
122	494	2631	15.81	3125
123	440	2583	14.56	3023
124	510	2522	16.82	3032
125	456	2428	15.81	2884
126	453	2471	15.49	2924
127	416	2346	15.06	2762
128	383	2305	14.25	2688
129	419	2450	14.60	2869
130	421	2310	15.42	2731
131	422	2394	14.99	2816
132	410	2384	14.67	2794
133	394	2388	14.16	2782
134	378	2316	14.03	2694
135	328	2122	13.39	2450

CHG context (R1)
================
position	count methylated	count unmethylated	% methylation	coverage
1	332	7078	4.48	7410
2	402	6931	5.48	7333
3	197	7646	2.51	7843
4	186	6840	2.65	7026
5	164	6546	2.44	6710
6	217	6800	3.09	7017
7	125	6551	1.87	6676
8	163	6788	2.34	6951
9	124	6893	1.77	7017
10	184	7110	2.52	7294
11	126	7074	1.75	7200
12	164	7175	2.23	7339
13	140	6982	1.97	7122
14	221	7071	3.03	7292
15	204	7111	2.79	7315
16	231	6898	3.24	7129
17	217	6855	3.07	7072
18	188	7097	2.58	7285
19	160	7025	2.23	7185
20	198	7100	2.71	7298
21	157	6938	2.21	7095
22	143	7168	1.96	7311
23	86	6816	1.25	6902
24	150	7153	2.05	7303
25	112	6861	1.61	6973
26	123	7278	1.66	7401
27	113	7306	1.52	7419
28	118	7053	1.65	7171
29	87	6843	1.26	6930
30	124	6961	1.75	7085
31	95	6766	1.38	6861
32	114	6755	1.66	6869
33	82	6994	1.16	7076
34	104	7148	1.43	7252
35	87	6843	1.26	6930
36	113	6702	1.66	6815
37	81	6756	1.18	6837
38	92	6710	1.35	6802
39	71	6814	1.03	6885
40	127	6974	1.79	7101
41	82	6751	1.20	6833
42	88	7025	1.24	7113
43	81	6788	1.18	6869
44	98	6777	1.43	6875
45	88	6726	1.29	6814
46	81	6948	1.15	7029
47	65	6859	0.94	6924
48	110	6423	1.68	6533
49	77	6657	1.14	6734
50	96	6438	1.47	6534
51	81	6722	1.19	6803
52	109	6821	1.57	6930
53	68	6562	1.03	6630
54	96	6201	1.52	6297
55	89	6585	1.33	6674
56	102	6378	1.57	6480
57	92	6413	1.41	6505
58	103	6266	1.62	6369
59	76	6263	1.20	6339
60	94	6505	1.42	6599
61	66	6490	1.01	6556
62	92	6202	1.46	6294
63	89	6233	1.41	6322
64	73	6258	1.15	6331
65	96	6240	1.52	6336
66	85	6159	1.36	6244
67	79	6047	1.29	6126
68	85	6060	1.38	6145
69	103	6243	1.62	6346
70	82	6143	1.32	6225
71	89	5904	1.49	5993
72	83	5975	1.37	6058
73	97	6025	1.58	6122
74	80	5950	1.33	6030
75	73	6168	1.17	6241
76	83	5797	1.41	5880
77	84	5834	1.42	5918
78	89	6046	1.45	6135
79	92	6750	1.34	6842
80	84	5708	1.45	5792
81	78	5462	1.41	5540
82	97	5676	1.68	5773
83	72	5475	1.30	5547
84	68	5387	1.25	5455
85	110	5163	2.09	5273
86	95	5739	1.63	5834
87	71	6348	1.11	6419
88	78	5437	1.41	5515
89	65	5197	1.24	5262
90	100	5255	1.87	5355
91	82	5224	1.55	5306
92	69	5006	1.36	5075
93	76	5020	1.49	5096
94	79	5077	1.53	5156
95	75	4896	1.51	4971
96	70	4906	1.41	4976
97	71	5020	1.39	5091
98	87	4864	1.76	4951
99	63	4996	1.25	5059
100	82	4751	1.70	4833
101	65	4779	1.34	4844
102	86	4847	1.74	4933
103	66	4699	1.39	4765
104	70	4640	1.49	4710
105	61	4702	1.28	4763
106	74	4645	1.57	4719
107	83	4528	1.80	4611
108	78	4526	1.69	4604
109	66	4389	1.48	4455
110	75	4609	1.60	4684
111	69	4494	1.51	4563
112	67	4349	1.52	4416
113	58	4287	1.33	4345
114	77	4309	1.76	4386
115	58	4282	1.34	4340
116	77	4222	1.79	4299
117	69	4228	1.61	4297
118	75	4509	1.64	4584
119	44	4313	1.01	4357
120	57	4067	1.38	4124
121	54	4206	1.27	4260
122	66	4185	1.55	4251
123	84	4415	1.87	4499
124	57	4127	1.36	4184
125	58	3878	1.47	3936
126	76	3915	1.90	3991
127	64	3959	1.59	4023
128	66	3787	1.71	3853
129	71	3869	1.80	3940
130	52	3861	1.33	3913
131	63	3910	1.59	3973
132	70	3985	1.73	4055
133	61	3609	1.66	3670
134	79	3596	2.15	3675
135	79	3571	2.16	3650

CHH context (R1)
================
position	count methylated	count unmethylated	% methylation	coverage
1	3691	30739	10.72	34430
2	4306	30242	12.46	34548
3	3443	31267	9.92	34710
4	4122	31610	11.54	35732
5	3614	32006	10.15	35620
6	3798	29049	11.56	32847
7	3537	29593	10.68	33130
8	4056	29210	12.19	33266
9	3282	29592	9.98	32874
10	3820	30178	11.24	33998
11	3611	29763	10.82	33374
12	3872	29467	11.61	33339
13	3723	29709	11.14	33432
14	4579	29512	13.43	34091
15	3787	29366	11.42	33153
16	4120	29814	12.14	33934
17	3398	28928	10.51	32326
18	3276	28477	10.32	31753
19	2672	28027	8.70	30699
20	2947	27990	9.53	30937
21	1983	27999	6.61	29982
22	2326	27863	7.70	30189
23	1812	28169	6.04	29981
24	2057	27249	7.02	29306
25	1558	27105	5.44	28663
26	1877	29220	6.04	31097
27	1481	27409	5.13	28890
28	1908	27258	6.54	29166
29	1490	27203	5.19	28693
30	1717	27588	5.86	29305
31	1513	27558	5.20	29071
32	1722	28068	5.78	29790
33	1311	27673	4.52	28984
34	1710	27762	5.80	29472
35	1305	27590	4.52	28895
36	1582	27593	5.42	29175
37	1306	27417	4.55	28723
38	1455	27186	5.08	28641
39	1159	26824	4.14	27983
40	1474	26635	5.24	28109
41	1186	26665	4.26	27851
42	1386	26709	4.93	28095
43	1081	28333	3.68	29414
44	1421	27730	4.87	29151
45	1062	26728	3.82	27790
46	1323	26570	4.74	27893
47	985	27547	3.45	28532
48	1288	25710	4.77	26998
49	1018	25381	3.86	26399
50	1273	25421	4.77	26694
51	939	26025	3.48	26964
52	1294	27006	4.57	28300
53	929	26126	3.43	27055
54	1102	26549	3.99	27651
55	963	26040	3.57	27003
56	1193	25207	4.52	26400
57	905	25183	3.47	26088
58	1105	25401	4.17	26506
59	856	26843	3.09	27699
60	989	25001	3.81	25990
61	883	24905	3.42	25788
62	934	25189	3.58	26123
63	791	26503	2.90	27294
64	963	26011	3.57	26974
65	867	25069	3.34	25936
66	894	25025	3.45	25919
67	730	25249	2.81	25979
68	896	23635	3.65	24531
69	711	23634	2.92	24345
70	837	24069	3.36	24906
71	724	24022	2.93	24746
72	813	23754	3.31	24567
73	729	24433	2.90	25162
74	764	24497	3.02	25261
75	617	22824	2.63	23441
76	755	22897	3.19	23652
77	705	22676	3.02	23381
78	715	22388	3.09	23103
79	699	22577	3.00	23276
80	672	22771	2.87	23443
81	633	23579	2.61	24212
82	678	23135	2.85	23813
83	645	22235	2.82	22880
84	614	22143	2.70	22757
85	571	21924	2.54	22495
86	684	21975	3.02	22659
87	516	21963	2.30	22479
88	691	22785	2.94	23476
89	602	22243	2.64	22845
90	562	22506	2.44	23068
91	493	21329	2.26	21822
92	659	21282	3.00	21941
93	542	21653	2.44	22195
94	565	20596	2.67	21161
95	527	21041	2.44	21568
96	597	21407	2.71	22004
97	517	20740	2.43	21257
98	549	20262	2.64	20811
99	510	20383	2.44	20893
100	546	19672	2.70	20218
101	525	19438	2.63	19963
102	423	19559	2.12	19982
103	512	19276	2.59	19788
104	530	19788	2.61	20318
105	486	18990	2.50	19476
106	469	18939	2.42	19408
107	504	18711	2.62	19215
108	454	18294	2.42	18748
109	462	18323	2.46	18785
110	514	18412	2.72	18926
111	473	18051	2.55	18524
112	447	18337	2.38	18784
113	488	17536	2.71	18024
114	402	17542	2.24	17944
115	337	17554	1.88	17891
116	509	17516	2.82	18025
117	411	16983	2.36	17394
118	445	16815	2.58	17260
119	414	16691	2.42	17105
120	402	16763	2.34	17165
121	434	16432	2.57	16866
122	455	16370	2.70	16825
123	378	16213	2.28	16591
124	421	15843	2.59	16264
125	433	15365	2.74	15798
126	322	15091	2.09	15413
127	371	14462	2.50	14833
128	427	14242	2.91	14669
129	423	14175	2.90	14598
130	391	14152	2.69	14543
131	330	13832	2.33	14162
132	371	13796	2.62	14167
133	383	13550	2.75	13933
134	442	13988	3.06	14430
135	419	13771	2.95	14190

CpG context (R2)
================
position	count methylated	count unmethylated	% methylation	coverage
1	457	2149	17.54	2606
2	434	2160	16.73	2594
3	354	1976	15.19	2330
4	309	1917	13.88	2226
5	336	1789	15.81	2125
6	345	1792	16.14	2137
7	321	1753	15.48	2074
8	290	1686	14.68	1976
9	287	1744	14.13	2031
10	326	1804	15.31	2130
11	350	1794	16.32	2144
12	307	1771	14.77	2078
13	315	1782	15.02	2097
14	349	1754	16.60	2103
15	340	1746	16.30	2086
16	306	1848	14.21	2154
17	334	1738	16.12	2072
18	304	1742	14.86	2046
19	282	1689	14.31	1971
20	289	1743	14.22	2032
21	261	1933	11.90	2194
22	277	1675	14.19	1952
23	298	1621	15.53	1919
24	265	1682	13.61	1947
25	261	1627	13.82	1888
26	263	1707	13.35	1970
27	238	1628	12.75	1866
28	255	1628	13.54	1883
29	250	1495	14.33	1745
30	245	1543	13.70	1788
31	223	1551	12.57	1774
32	263	1465	15.22	1728
33	247	1518	13.99	1765
34	259	1478	14.91	1737
35	218	1465	12.95	1683
36	250	1437	14.82	1687
37	230	1469	13.54	1699
38	265	1381	16.10	1646
39	211	1423	12.91	1634
40	211	1358	13.45	1569
41	202	1362	12.92	1564
42	210	1501	12.27	1711
43	196	1480	11.69	1676
44	215	1317	14.03	1532
45	213	1354	13.59	1567
46	207	1358	13.23	1565
47	199	1295	13.32	1494
48	192	1299	12.88	1491
49	190	1362	12.24	1552
50	191	1249	13.26	1440
51	212	1345	13.62	1557
52	221	1158	16.03	1379
53	171	1194	12.53	1365
54	198	1301	13.21	1499
55	191	1195	13.78	1386
56	167	1288	11.48	1455
57	195	1135	14.66	1330
58	167	1178	12.42	1345
59	184	1172	13.57	1356
60	191	1112	14.66	1303
61	179	1141	13.56	1320
62	214	1141	15.79	1355
63	184	1153	13.76	1337
64	196	1149	14.57	1345
65	175	1103	13.69	1278
66	167	1075	13.45	1242
67	188	1029	15.45	1217
68	164	1041	13.61	1205
69	159	1104	12.59	1263
70	177	1015	14.85	1192
71	180	967	15.69	1147
72	167	1023	14.03	1190
73	156	1038	13.07	1194
74	159	975	14.02	1134
75	175	982	15.13	1157
76	146	946	13.37	1092
77	144	955	13.10	1099
78	134	945	12.42	1079
79	121	936	11.45	1057
80	127	840	13.13	967
81	140	903	13.42	1043
82	144	840	14.63	984
83	165	876	15.85	1041
84	113	865	11.55	978
85	135	860	13.57	995
86	145	867	14.33	1012
87	140	894	13.54	1034
88	110	855	11.40	965
89	147	817	15.25	964
90	113	858	11.64	971
91	121	821	12.85	942
92	105	773	11.96	878
93	126	845	12.98	971
94	126	843	13.00	969
95	117	721	13.96	838
96	109	791	12.11	900
97	112	726	13.37	838
98	134	753	15.11	887
99	127	715	15.08	842
100	128	712	15.24	840
101	109	707	13.36	816
102	108	694	13.47	802
103	125	732	14.59	857
104	101	703	12.56	804
105	103	712	12.64	815
106	98	702	12.25	800
107	105	635	14.19	740
108	96	721	11.75	817
109	102	660	13.39	762
110	114	681	14.34	795
111	96	635	13.13	731
112	110	610	15.28	720
113	95	617	13.34	712
114	94	614	13.28	708
115	70	587	10.65	657
116	89	619	12.57	708
117	94	582	13.91	676
118	86	558	13.35	644
119	77	584	11.65	661
120	70	563	11.06	633
121	83	537	13.39	620
122	83	560	12.91	643
123	89	505	14.98	594
124	77	577	11.77	654
125	64	575	10.02	639
126	70	545	11.38	615
127	73	508	12.56	581
128	71	525	11.91	596
129	68	501	11.95	569
130	77	445	14.75	522
131	81	512	13.66	593
132	79	534	12.89	613
133	83	485	14.61	568
134	69	498	12.17	567
135	61	442	12.13	503

CHG context (R2)
================
position	count methylated	count unmethylated	% methylation	coverage
1	253	3371	6.98	3624
2	333	3441	8.82	3774
3	125	3496	3.45	3621
4	112	3120	3.47	3232
5	95	3134	2.94	3229
6	122	3148	3.73	3270
7	86	2992	2.79	3078
8	109	2952	3.56	3061
9	76	2968	2.50	3044
10	96	3119	2.99	3215
11	86	2979	2.81	3065
12	99	3035	3.16	3134
13	81	2984	2.64	3065
14	123	3037	3.89	3160
15	141	3166	4.26	3307
16	139	3063	4.34	3202
17	124	2701	4.39	2825
18	98	2989	3.17	3087
19	71	2899	2.39	2970
20	89	2763	3.12	2852
21	76	2680	2.76	2756
22	51	2631	1.90	2682
23	35	2513	1.37	2548
24	51	2865	1.75	2916
25	53	2682	1.94	2735
26	32	2704	1.17	2736
27	33	2507	1.30	2540
28	32	2668	1.19	2700
29	23	2670	0.85	2693
30	31	2515	1.22	2546
31	37	2364	1.54	2401
32	27	2449	1.09	2476
33	18	2549	0.70	2567
34	30	2535	1.17	2565
35	28	2426	1.14	2454
36	30	2498	1.19	2528
37	25	2370	1.04	2395
38	35	2368	1.46	2403
39	25	2255	1.10	2280
40	34	2294	1.46	2328
41	40	2361	1.67	2401
42	27	2390	1.12	2417
43	22	2173	1.00	2195
44	30	2093	1.41	2123
45	22	2225	0.98	2247
46	24	2132	1.11	2156
47	28	2243	1.23	2271
48	21	2130	0.98	2151
49	17	2008	0.84	2025
50	27	2064	1.29	2091
51	28	2039	1.35	2067
52	22	2121	1.03	2143
53	15	1975	0.75	1990
54	23	2050	1.11	2073
55	23	1970	1.15	1993
56	16	1934	0.82	1950
57	51	1850	2.68	1901
58	26	1841	1.39	1867
59	23	1868	1.22	1891
60	31	1782	1.71	1813
61	18	1845	0.97	1863
62	23	1810	1.25	1833
63	10	1859	0.54	1869
64	23	1804	1.26	1827
65	10	1743	0.57	1753
66	15	1760	0.85	1775
67	13	1660	0.78	1673
68	17	1635	1.03	1652
69	24	1588	1.49	1612
70	18	1646	1.08	1664
71	29	1626	1.75	1655
72	19	1638	1.15	1657
73	17	1567	1.07	1584
74	12	1690	0.71	1702
75	12	1535	0.78	1547
76	27	1656	1.60	1683
77	13	1548	0.83	1561
78	12	1594	0.75	1606
79	21	1740	1.19	1761
80	24	1484	1.59	1508
81	9	1454	0.62	1463
82	17	1547	1.09	1564
83	20	1411	1.40	1431
84	16	1399	1.13	1415
85	13	1369	0.94	1382
86	21	1415	1.46	1436
87	12	1513	0.79	1525
88	18	1268	1.40	1286
89	14	1261	1.10	1275
90	9	1326	0.67	1335
91	15	1332	1.11	1347
92	13	1227	1.05	1240
93	12	1213	0.98	1225
94	17	1210	1.39	1227
95	7	1188	0.59	1195
96	9	1148	0.78	1157
97	15	1160	1.28	1175
98	8	1154	0.69	1162
99	8	1247	0.64	1255
100	7	1102	0.63	1109
101	6	1117	0.53	1123
102	17	1169	1.43	1186
103	16	1114	1.42	1130
104	10	1045	0.95	1055
105	9	1111	0.80	1120
106	7	1038	0.67	1045
107	8	1068	0.74	1076
108	18	1041	1.70	1059
109	6	984	0.61	990
110	10	973	1.02	983
111	9	1035	0.86	1044
112	10	1023	0.97	1033
113	16	924	1.70	940
114	5	997	0.50	1002
115	8	889	0.89	897
116	5	951	0.52	956
117	6	935	0.64	941
118	19	947	1.97	966
119	7	942	0.74	949
120	11	854	1.27	865
121	13	856	1.50	869
122	3	844	0.35	847
123	5	895	0.56	900
124	7	882	0.79	889
125	4	811	0.49	815
126	8	788	1.01	796
127	15	784	1.88	799
128	8	767	1.03	775
129	9	804	1.11	813
130	10	750	1.32	760
131	4	829	0.48	833
132	8	812	0.98	820
133	6	750	0.79	756
134	9	728	1.22	737
135	6	720	0.83	726

CHH context (R2)
================
position	count methylated	count unmethylated	% methylation	coverage
1	2248	15730	12.50	17978
2	2734	15287	15.17	18021
3	2232	15655	12.48	17887
4	2345	15533	13.12	17878
5	2263	15456	12.77	17719
6	2071	14376	12.59	16447
7	2037	14041	12.67	16078
8	2172	13880	13.53	16052
9	1832	14016	11.56	15848
10	1949	14137	12.12	16086
11	2010	13797	12.72	15807
12	2043	13406	13.22	15449
13	2198	13643	13.88	15841
14	2529	13386	15.89	15915
15	2241	13069	14.64	15310
16	2161	13270	14.00	15431
17	1827	12207	13.02	14034
18	1422	12084	10.53	13506
19	1112	11904	8.54	13016
20	1130	11571	8.90	12701
21	678	11449	5.59	12127
22	633	11488	5.22	12121
23	535	11201	4.56	11736
24	521	11397	4.37	11918
25	370	11081	3.23	11451
26	451	11359	3.82	11810
27	338	11080	2.96	11418
28	412	10856	3.66	11268
29	409	10475	3.76	10884
30	323	10749	2.92	11072
31	271	10688	2.47	10959
32	351	10504	3.23	10855
33	337	10172	3.21	10509
34	322	10381	3.01	10703
35	319	10143	3.05	10462
36	302	9989	2.93	10291
37	286	9908	2.81	10194
38	306	9410	3.15	9716
39	248	9641	2.51	9889
40	308	9359	3.19	9667
41	247	9401	2.56	9648
42	283	9018	3.04	9301
43	240	9393	2.49	9633
44	277	9324	2.89	9601
45	240	8926	2.62	9166
46	249	8740	2.77	8989
47	250	8990	2.71	9240
48	292	8700	3.25	8992
49	209	8724	2.34	8933
50	277	8386	3.20	8663
51	199	8385	2.32	8584
52	251	8694	2.81	8945
53	216	8184	2.57	8400
54	239	8287	2.80	8526
55	167	7951	2.06	8118
56	230	7873	2.84	8103
57	206	7924	2.53	8130
58	196	8018	2.39	8214
59	174	7935	2.15	8109
60	227	7669	2.87	7896
61	190	7569	2.45	7759
62	196	7336	2.60	7532
63	185	7897	2.29	8082
64	183	7690	2.32	7873
65	179	7320	2.39	7499
66	204	7396	2.68	7600
67	175	7479	2.29	7654
68	169	7029	2.35	7198
69	155	7272	2.09	7427
70	169	7239	2.28	7408
71	173	7117	2.37	7290
72	163	7019	2.27	7182
73	168	6873	2.39	7041
74	166	7033	2.31	7199
75	138	6777	2.00	6915
76	161	6687	2.35	6848
77	202	6547	2.99	6749
78	113	6538	1.70	6651
79	114	6320	1.77	6434
80	152	6440	2.31	6592
81	104	6509	1.57	6613
82	126	6544	1.89	6670
83	157	6133	2.50	6290
84	140	6009	2.28	6149
85	126	6038	2.04	6164
86	117	5915	1.94	6032
87	103	5919	1.71	6022
88	102	6092	1.65	6194
89	121	6011	1.97	6132
90	131	6095	2.10	6226
91	114	5753	1.94	5867
92	92	5708	1.59	5800
93	95	5784	1.62	5879
94	106	5500	1.89	5606
95	119	5504	2.12	5623
96	106	5518	1.88	5624
97	96	5416	1.74	5512
98	123	5232	2.30	5355
99	98	5209	1.85	5307
100	85	5241	1.60	5326
101	116	5180	2.19	5296
102	82	5245	1.54	5327
103	106	5050	2.06	5156
104	88	5007	1.73	5095
105	83	4799	1.70	4882
106	92	4863	1.86	4955
107	111	4843	2.24	4954
108	62	4759	1.29	4821
109	99	4716	2.06	4815
110	79	4713	1.65	4792
111	66	4573	1.42	4639
112	70	4360	1.58	4430
113	74	4326	1.68	4400
114	69	4358	1.56	4427
115	87	4393	1.94	4480
116	90	4405	2.00	4495
117	82	4152	1.94	4234
118	72	4238	1.67	4310
119	77	4195	1.80	4272
120	92	4065	2.21	4157
121	82	4044	1.99	4126
122	70	4042	1.70	4112
123	68	3942	1.70	4010
124	79	3988	1.94	4067
125	85	3765	2.21	3850
126	71	3514	1.98	3585
127	73	3493	2.05	3566
128	61	3417	1.75	3478
129	72	3414	2.07	3486
130	65	3326	1.92	3391
131	81	3290	2.40	3371
132	63	3187	1.94	3250
133	69	3319	2.04	3388
134	35	3253	1.06	3288
135	59	3297	1.76	3356

